a <- 2
b <- 100
c = 200
d <= 300
